5
1 2 4 0 4 
4 3 3 2 4 
0 0 1 2 1 
1 0 2 2 1 
1 4 2 3 2 
5
2 1 6 8 5 
7 6 1 8 9 
2 7 9 5 4 
3 1 2 3 3 
4 1 1 3 8 
5
7 4 2 7 7 
9 3 1 9 8 
6 5 0 2 8 
6 0 2 4 8 
6 5 0 9 0 
5
0 6 1 43 48 
29 23 34 4 6 
40 16 26 31 8 
44 39 26 23 37 
38 18 32 29 41 
7
833 115 639 658 704 930 977 
306 673 386 21 745 924 72 
270 829 777 573 97 512 986 
290 161 636 355 767 655 574 
31 52 350 150 941 724 966 
430 107 191 7 337 457 287 
753 383 945 909 209 758 221 
7
8 2 6 6 0 3 8 
0 1 2 5 0 9 4 
7 8 3 5 1 2 0 
1 6 4 0 6 1 8 
9 8 4 1 4 3 9 
8 8 0 8 7 7 8 
3 8 3 7 1 0 7 
9
3 4 9 6 5 1 0 9 9 
6 8 3 4 8 4 9 9 2 
5 5 3 3 3 7 4 3 8 
0 8 8 0 6 8 1 9 8 
9 7 2 2 8 2 8 9 0 
7 8 1 5 8 6 1 2 4 
2 5 8 6 2 6 5 3 9 
2 4 6 1 8 2 1 1 9 
7 6 2 9 5 2 0 0 3 
9
9 1 8 1 9 5 3 2 5 
2 5 8 6 7 7 2 2 9 
4 1 9 6 9 8 2 5 5 
4 9 1 2 5 0 8 3 9 
3 9 6 7 9 9 7 6 9 
3 5 7 6 6 5 8 2 5 
4 4 1 6 1 6 3 3 5 
5 3 2 8 2 5 3 6 1 
8 6 2 1 4 6 2 9 1 
10
35 50 73 66 44 59 92 39 53 24 
54 10 45 49 86 13 74 22 68 18 
87 5 58 91 2 25 77 14 14 24 
34 74 72 59 33 70 87 97 18 77 
73 70 63 68 92 85 2 80 13 27 
2 99 27 25 43 24 23 72 61 81 
3 32 5 93 25 31 92 42 22 86 
64 0 87 60 13 74 70 70 35 33 
11 60 96 67 85 50 40 94 95 24 
19 25 76 94 58 2 71 66 78 93 
10
851 484 18 464 119 152 800 87 60 926 
10 757 170 315 576 227 43 758 164 109 
882 86 565 487 577 474 625 627 629 928 
423 520 902 962 123 596 737 261 195 525 
264 260 202 116 30 326 11 771 411 547 
153 520 790 924 188 763 940 851 662 829 
900 713 958 578 365 7 477 200 58 439 
303 760 357 324 477 108 113 887 801 850 
460 428 993 384 405 540 111 704 835 356 
72 350 823 485 556 216 626 357 526 357 
